<?xml version="1.0"?>
<opencv_storage>
<D1 type_id="opencv-matrix">
  <rows>1</rows>
  <cols>5</cols>
  <dt>d</dt>
  <data>
    -1.3080674237041567e-01 1.0075056666346942e-01 0. 0.
    -7.8196011973369539e-01</data></D1>
</opencv_storage>
