<?xml version="1.0"?>
<opencv_storage>
<D2 type_id="opencv-matrix">
  <rows>1</rows>
  <cols>5</cols>
  <dt>d</dt>
  <data>
    -2.3490035388060188e-01 3.1905479791692837e-01 0. 0.
    -5.0171721436165473e-01</data></D2>
</opencv_storage>
