<?xml version="1.0"?>
<opencv_storage>
<M1 type_id="opencv-matrix">
  <rows>3</rows>
  <cols>3</cols>
  <dt>d</dt>
  <data>
    7.0382103441812228e+02 0. 3.4726988753433989e+02 0.
    7.0382103441812228e+02 2.3390638391508600e+02 0. 0. 1.</data></M1>
</opencv_storage>
