<?xml version="1.0"?>
<opencv_storage>
<M2 type_id="opencv-matrix">
  <rows>3</rows>
  <cols>3</cols>
  <dt>d</dt>
  <data>
    7.0382103441812228e+02 0. 3.4589024705002680e+02 0.
    7.0382103441812228e+02 2.3894381621413677e+02 0. 0. 1.</data></M2>
</opencv_storage>
