<?xml version="1.0"?>
<opencv_storage>
<P1 type_id="opencv-matrix">
  <rows>3</rows>
  <cols>4</cols>
  <dt>d</dt>
  <data>
    6.5042101540339002e+02 0. 3.1295546722412109e+02 0. 0.
    6.5042101540339002e+02 2.3594513893127441e+02 0. 0. 0. 1. 0.</data></P1>
</opencv_storage>
