<?xml version="1.0"?>
<opencv_storage>
<P2 type_id="opencv-matrix">
  <rows>3</rows>
  <cols>4</cols>
  <dt>d</dt>
  <data>
    6.5042101540339002e+02 0. 3.0751738739013672e+02
    -7.9062025831999499e+03 0. 6.5042101540339002e+02
    2.3594513893127441e+02 0. 0. 0. 1. 0.</data></P2>
</opencv_storage>
