<?xml version="1.0"?>
<opencv_storage>
<Q type_id="opencv-matrix">
  <rows>4</rows>
  <cols>4</cols>
  <dt>d</dt>
  <data>
    1. 0. 0. -3.1295546722412109e+02 0. 1. 0. -2.3594513893127441e+02 0.
    0. 0. 6.5042101540339002e+02 0. 0. 8.2267183082999018e-02
    -4.4737550932235748e-01</data></Q>
</opencv_storage>
