<?xml version="1.0"?>
<opencv_storage>
<R1 type_id="opencv-matrix">
  <rows>3</rows>
  <cols>3</cols>
  <dt>d</dt>
  <data>
    9.9840262572127036e-01 -1.6196957250476637e-02
    5.4128139896907887e-02 1.6127559232749673e-02 9.9986846532423124e-01
    1.7186865220355275e-03 -5.4148857661700953e-02
    -8.4298635404608650e-04 9.9853251854305669e-01</data></R1>
</opencv_storage>
