<?xml version="1.0"?>
<opencv_storage>
<R2 type_id="opencv-matrix">
  <rows>3</rows>
  <cols>3</cols>
  <dt>d</dt>
  <data>
    9.9854520629253418e-01 -1.5683002529717632e-02
    5.1589867433957090e-02 1.5749118286762179e-02 9.9987559184794428e-01
    -8.7527133664460060e-04 -5.1569722351298038e-02
    1.6864929220274942e-03 9.9866797259060736e-01</data></R2>
</opencv_storage>
