<?xml version="1.0"?>
<opencv_storage>
<Rotation type_id="opencv-matrix">
  <rows>3</rows>
  <cols>3</cols>
  <dt>d</dt>
  <data>
    9.9999659225714088e-01 -3.8287471517079358e-04
    2.5824176769215202e-03 3.7628026286362588e-04 9.9999666876717475e-01
    2.5535989734331937e-03 -2.5833867827665950e-03
    -2.5526185586222361e-03 9.9999340510386614e-01</data></Rotation>
</opencv_storage>
