<?xml version="1.0"?>
<opencv_storage>
<Translation type_id="opencv-matrix">
  <rows>3</rows>
  <cols>1</cols>
  <dt>d</dt>
  <data>
    -1.2137831500625300e+01 1.9063497669410720e-01
    -6.2710142125454083e-01</data></Translation>
</opencv_storage>
